times=-1.300000,0.000000,0.325000,0.650000,0.975000,1.300000,1.625000,1.950000,2.275000,2.600000,2.925000,3.250000,3.575000,3.900000,4.225000,4.550000,4.875000,5.200000,;
values=0.500000,0.500000,0.581250,0.675703,0.785505,0.913149,1.061536,1.206005,1.333113,1.426046,1.466298,1.436973,1.340766,1.195612,1.030062,0.873959,0.749843,0.666798,;
errors=0.000000,0.000000,0.021623,0.043379,0.081182,0.087191,0.109924,0.110778,0.114678,0.118550,0.119328,0.123252,0.128018,0.131910,0.132688,0.133480,0.133636,0.137540,