times=-0.900000,0.000000,0.225000,0.450000,0.675000,0.900000,1.125000,1.350000,1.575000,1.800000,2.025000,2.250000,2.475000,2.700000,2.925000,3.150000,3.375000,3.600000,3.825000,4.050000,4.275000,4.500000,4.725000,4.950000,5.175000,5.400000,5.625000,5.850000,6.075000,6.300000,6.525000,6.750000,6.975000,7.200000,7.425000,7.650000,7.875000,8.100000,;
values=(1.000000,0.500000),(1.000000,0.500000),(0.694193,0.511832),(0.506462,0.521001),(0.403251,0.528108),(0.351880,0.533615),(0.327808,0.537884),(0.316616,0.521160),(0.317074,0.491010),(0.326139,0.456008),(0.340577,0.422482),(0.357655,0.393465),(0.375392,0.367264),(0.393314,0.343416),(0.411236,0.321921),(0.428959,0.302868),(0.446230,0.286272),(0.462783,0.271713),(0.478505,0.258789),(0.493391,0.247215),(0.507470,0.236808),(0.520776,0.227454),(0.533325,0.219028),(0.545138,0.211400),(0.556249,0.204455),(0.566702,0.198098),(0.576543,0.192263),(0.585815,0.186891),(0.594556,0.181933),(0.602801,0.177342),(0.610585,0.173076),(0.617942,0.169102),(0.624903,0.165389),(0.631496,0.161913),(0.637749,0.158653),(0.643684,0.155588),(0.649324,0.152701),(0.654689,0.149975),;
errors=0.000000,0.000000,0.017902,0.036674,0.039570,0.042706,0.071911,0.074609,0.074631,0.075171,0.077904,0.078012,0.097598,0.098261,0.098802,0.099694,0.100234,0.100318,0.102839,0.105797,0.109567,0.128945,0.129485,0.129499,0.129519,0.129537,0.135285,0.135317,0.140353,0.143748,0.143758,0.144296,0.144454,0.144996,0.145537,0.148333,0.148446,0.148974,